9.612422581994906068e-05
9.774622594704851508e-05
9.940962627297267318e-05
1.011158601613715291e-04
1.028663828037679195e-04
1.046627658070065081e-04
1.065066171577200294e-04
1.083996176021173596e-04
1.103435279219411314e-04
1.123402325902134180e-04
1.143916015280410647e-04
1.164996647275984287e-04
1.186665467685088515e-04
1.208944304380565882e-04
1.231856440426781774e-04
1.255426177522167563e-04
1.279678981518372893e-04
1.304641191381961107e-04
1.330340892309322953e-04
1.356807479169219732e-04
1.384071802021935582e-04
1.412166166119277477e-04
1.441124622942879796e-04
1.470982824685052037e-04
1.501778606325387955e-04
1.533551694592460990e-04
1.566343707963824272e-04
1.600198738742619753e-04
1.635163353057578206e-04
1.671286299824714661e-04
1.708619674900546670e-04
1.747217756928876042e-04
1.787138608051463962e-04
1.828443491831421852e-04
1.871196582214906812e-04
1.915466709760949016e-04
1.961326488526538014e-04
2.008853043662384152e-04
2.058127865893766284e-04
2.109237975673750043e-04
2.162275341106578708e-04
2.217338624177500606e-04
2.274531725561246276e-04
2.333966403966769576e-04
2.395760966464877129e-04
2.460042305756360292e-04
2.526945318095386028e-04
2.596614649519324303e-04
2.669205423444509506e-04
2.744882367551326752e-04
2.823823015205562115e-04
2.906217996496707201e-04
2.992271911352872849e-04
3.082204784732311964e-04
3.176252648700028658e-04
3.274670452810823917e-04
3.377733810339123011e-04
3.485738998278975487e-04
3.599007322918623686e-04
3.717886575032025576e-04
3.842752485070377588e-04
3.974014834966510534e-04
4.112117458134889603e-04
4.257544060237705708e-04
4.410821129567921162e-04
4.572525795083492994e-04
4.743284662254154682e-04
4.923786618746817112e-04
5.114788655191659927e-04
5.317119648680090904e-04
5.531693459488451481e-04
5.759518244303762913e-04
6.001706351526081562e-04
6.259491783566772938e-04
6.534242420457303524e-04
6.827479228377342224e-04
7.140897214412689209e-04
7.476392784155905247e-04
7.836084114387631416e-04
8.222357719205319881e-04
8.637895225547254086e-04
9.085727506317198277e-04
9.569288813509047031e-04
1.009247964248061180e-03
1.065974938683211803e-03
1.127618597820401192e-03
1.194763812236487865e-03
1.268084393814206123e-03
1.348360790871083736e-03
1.436500926502048969e-03
1.533565227873623371e-03
1.640798640437424183e-03
1.759671489708125591e-03
1.891929539851844311e-03
2.039656043052673340e-03
2.205357886850833893e-03
2.392068738117814064e-03
2.603489905595779419e-03
2.844172762706875801e-03
3.119765548035502434e-03
3.437343286350369453e-03
3.805863671004772186e-03
4.236801993101835251e-03
4.745040088891983032e-03
5.350159481167793274e-03
6.078331731259822845e-03
6.965147797018289566e-03
8.059986867010593414e-03
9.432890452444553375e-03
1.118580531328916550e-02
1.347153540700674057e-02
1.652707532048225403e-02
2.073508128523826599e-02
2.674533240497112274e-02
3.577141463756561279e-02
5.081353709101676941e-02
8.287248760461807251e-02
1.701789498329162598e-01
3.882269561290740967e-01
7.566067576408386230e-01
1.000000000000000000e+00
7.566067576408386230e-01
3.882269561290740967e-01
1.701789498329162598e-01
8.287248760461807251e-02
5.081353709101676941e-02
3.577141463756561279e-02
2.674533240497112274e-02
2.073508128523826599e-02
1.652707532048225403e-02
1.347153540700674057e-02
1.118580531328916550e-02
9.432890452444553375e-03
8.059986867010593414e-03
6.965147797018289566e-03
6.078331731259822845e-03
5.350159481167793274e-03
4.745040088891983032e-03
4.236801993101835251e-03
3.805863671004772186e-03
3.437343286350369453e-03
3.119765548035502434e-03
2.844172762706875801e-03
2.603489905595779419e-03
2.392068738117814064e-03
2.205357886850833893e-03
2.039656043052673340e-03
1.891929539851844311e-03
1.759671489708125591e-03
1.640798640437424183e-03
1.533565227873623371e-03
1.436500926502048969e-03
1.348360790871083736e-03
1.268084393814206123e-03
1.194763812236487865e-03
1.127618597820401192e-03
1.065974938683211803e-03
1.009247964248061180e-03
9.569288813509047031e-04
9.085727506317198277e-04
8.637895225547254086e-04
8.222357719205319881e-04
7.836084114387631416e-04
7.476392784155905247e-04
7.140897214412689209e-04
6.827479228377342224e-04
6.534242420457303524e-04
6.259491783566772938e-04
6.001706351526081562e-04
5.759518244303762913e-04
5.531693459488451481e-04
5.317119648680090904e-04
5.114788655191659927e-04
4.923786618746817112e-04
4.743284662254154682e-04
4.572525795083492994e-04
4.410821129567921162e-04
4.257544060237705708e-04
4.112117458134889603e-04
3.974014834966510534e-04
3.842752485070377588e-04
3.717886575032025576e-04
3.599007322918623686e-04
3.485738998278975487e-04
3.377733810339123011e-04
3.274670452810823917e-04
3.176252648700028658e-04
3.082204784732311964e-04
2.992271911352872849e-04
2.906217996496707201e-04
2.823823015205562115e-04
2.744882367551326752e-04
2.669205423444509506e-04
2.596614649519324303e-04
2.526945318095386028e-04
2.460042305756360292e-04
2.395760966464877129e-04
2.333966403966769576e-04
2.274531725561246276e-04
2.217338624177500606e-04
2.162275341106578708e-04
2.109237975673750043e-04
2.058127865893766284e-04
2.008853043662384152e-04
1.961326488526538014e-04
1.915466709760949016e-04
1.871196582214906812e-04
1.828443491831421852e-04
1.787138608051463962e-04
1.747217756928876042e-04
1.708619674900546670e-04
1.671286299824714661e-04
1.635163353057578206e-04
1.600198738742619753e-04
1.566343707963824272e-04
1.533551694592460990e-04
1.501778606325387955e-04
1.470982824685052037e-04
1.441124622942879796e-04
1.412166166119277477e-04
1.384071802021935582e-04
1.356807479169219732e-04
1.330340892309322953e-04
1.304641191381961107e-04
1.279678981518372893e-04
1.255426177522167563e-04
1.231856440426781774e-04
1.208944304380565882e-04
1.186665467685088515e-04
1.164996647275984287e-04
1.143916015280410647e-04
1.123402325902134180e-04
1.103435279219411314e-04
1.083996176021173596e-04
1.065066171577200294e-04
1.046627658070065081e-04
1.028663828037679195e-04
1.011158601613715291e-04
9.940962627297267318e-05
9.774622594704851508e-05
9.612422581994906068e-05
9.454225073568522930e-05
9.299902740167453885e-05
9.149326797341927886e-05
9.002377919387072325e-05
8.858942601364105940e-05
8.718906610738486052e-05
8.582165173720568419e-05
8.448614971712231636e-05
8.318157779285684228e-05
8.190699008991941810e-05
1.005693484330549836e-04
1.026997779263183475e-04
1.048994090524502099e-04
1.071712977136485279e-04
1.095187108148820698e-04
1.119450462283566594e-04
1.144539564847946167e-04
1.170492396340705454e-04
1.197349847643636167e-04
1.225155137944966555e-04
1.253953814739361405e-04
1.283794699702411890e-04
1.314729161094874144e-04
1.346812205156311393e-04
1.380102185066789389e-04
1.414661528542637825e-04
1.450556592317298055e-04
1.487858244217932224e-04
1.526642445242032409e-04
1.566989812999963760e-04
1.608987513463944197e-04
1.652727805776521564e-04
1.698310807114467025e-04
1.745843765093013644e-04
1.795441348804160953e-04
1.847227395046502352e-04
1.901335781440138817e-04
1.957911008503288031e-04
2.017107617575675249e-04
2.079094556393101811e-04
2.144055033568292856e-04
2.212185936514288187e-04
2.283703506691381335e-04
2.358842175453901291e-04
2.437857183394953609e-04
2.521027927286922932e-04
2.608660142868757248e-04
2.701089251786470413e-04
2.798682544380426407e-04
2.901846601162105799e-04
3.011028456967324018e-04
3.126723167952150106e-04
3.249479632358998060e-04
3.379907866474241018e-04
3.518690064083784819e-04
3.666584088932722807e-04
3.824445302598178387e-04
3.993234131485223770e-04
4.174035275354981422e-04
4.368078953120857477e-04
4.576765059027820826e-04
4.801694885827600956e-04
5.044706631451845169e-04
5.307924002408981323e-04
5.593813257291913033e-04
5.905251018702983856e-04
6.245626718737185001e-04
6.618945044465363026e-04
7.029993575997650623e-04
7.484529633074998856e-04
7.989564910531044006e-04
8.553701918572187424e-04
9.187656105495989323e-04
9.904938051477074623e-04
1.072284881956875324e-03
1.166395493783056736e-03
1.275827991776168346e-03
1.404672162607312202e-03
1.558652496896684170e-03
1.746041118167340755e-03
1.979252789169549942e-03
2.277768449857831001e-03
2.673859009519219398e-03
3.224632469937205315e-03
4.042388871312141418e-03
5.434268619865179062e-03
8.811936713755130768e-03
1.951306499540805817e-02
4.433419555425643921e-02
6.600214540958404541e-02
4.739287868142127991e-02
2.304688282310962677e-02
1.312349736690521240e-02
1.154255773872137070e-02
1.309591252356767654e-02
1.746836118400096893e-02
3.009842522442340851e-02
7.251498103141784668e-02
1.713631302118301392e-01
2.547386884689331055e-01
1.764778494834899902e-01
7.748519629240036011e-02
3.532337397336959839e-02
2.459708228707313538e-02
2.369429543614387512e-02
2.844799682497978210e-02
4.643444716930389404e-02
1.101417616009712219e-01
2.586831152439117432e-01
3.800004422664642334e-01
2.586831450462341309e-01
1.101417690515518188e-01
4.643444716930389404e-02
2.844799682497978210e-02
2.369429543614387512e-02
2.459708228707313538e-02
3.532337024807929993e-02
7.748519629240036011e-02
1.764778196811676025e-01
2.547387182712554932e-01
1.713631451129913330e-01
7.251499593257904053e-02
3.009842336177825928e-02
1.746836118400096893e-02
1.309591345489025116e-02
1.154255867004394531e-02
1.312349922955036163e-02
2.304687909781932831e-02
4.739288240671157837e-02
6.600213795900344849e-02
4.433419927954673767e-02
1.951306685805320740e-02
8.811936713755130768e-03
5.434269085526466370e-03
4.042389336973428726e-03
3.224632702767848969e-03
2.673859242349863052e-03
2.277768217027187347e-03
1.979252323508262634e-03
1.746041234582662582e-03
1.558652380481362343e-03
1.404672162607312202e-03
1.275828108191490173e-03
1.166395493783056736e-03
1.072284881956875324e-03
9.904938051477074623e-04
9.187655523419380188e-04
8.553701918572187424e-04
7.989563746377825737e-04
7.484530797228217125e-04
7.029992993921041489e-04
6.618945626541972160e-04
6.245626718737185001e-04
5.905251600779592991e-04
5.593812675215303898e-04
5.307924002408981323e-04
5.044706631451845169e-04
4.801694594789296389e-04
4.576765059027820826e-04
4.368078662082552910e-04
4.174035275354981422e-04
3.993234422523528337e-04
3.824444720521569252e-04
3.666584379971027374e-04
3.518689482007175684e-04
3.379907866474241018e-04
3.249479632358998060e-04
3.126723167952150106e-04
3.011028456967324018e-04
2.901846601162105799e-04
2.798682835418730974e-04
2.701088960748165846e-04
2.608660142868757248e-04
2.521027927286922932e-04
2.437857183394953609e-04
2.358842029934749007e-04
2.283703652210533619e-04
2.212186082033440471e-04
2.144054888049140573e-04
2.079094556393101811e-04
2.017107763094827533e-04
1.957910862984135747e-04
1.901336072478443384e-04
1.847227540565654635e-04
1.795441203285008669e-04
1.745843619573861361e-04
1.698310952633619308e-04
1.652727805776521564e-04
1.608987222425639629e-04
1.566989812999963760e-04
1.526642445242032409e-04
1.487858389737084508e-04
1.450556592317298055e-04
1.414661674061790109e-04
1.380102185066789389e-04
1.346812205156311393e-04
1.314729161094874144e-04
1.283794554183259606e-04
1.253953814739361405e-04
1.225155283464118838e-04
1.197349920403212309e-04
1.170492396340705454e-04
1.144539492088370025e-04
1.119450462283566594e-04
1.095187108148820698e-04
1.071712977136485279e-04
1.048994090524502099e-04
1.026997706503607333e-04
1.005693484330549836e-04
9.850521018961444497e-05
9.650463471189141273e-05
9.456500265514478087e-05
9.268384019378572702e-05
9.085877536563202739e-05
8.908760355552658439e-05
8.736819290788844228e-05
8.569856436224654317e-05
8.407674613408744335e-05
8.250092650996521115e-05
8.096938108792528510e-05
7.948044367367401719e-05
7.803252083249390125e-05
7.662415009690448642e-05
7.525386172346770763e-05
7.392029510810971260e-05
7.262213330250233412e-05
7.135812484193593264e-05
7.012706919340416789e-05
6.892783130751922727e-05
6.775931979063898325e-05
6.662047235295176506e-05
6.551029218826442957e-05
6.442782614612951875e-05
